   4.00000019E-03   99.7336960    
   8.00000038E-03   101.912094    
   1.20000001E-02   101.559944    
   1.60000008E-02   102.664825    
   2.00000014E-02   104.332565    
   2.40000021E-02   105.330215    
   2.80000027E-02   107.436287    
   3.20000015E-02   107.177727    
   3.60000022E-02   107.658981    
   4.00000028E-02   107.148888    
   4.40000035E-02   106.431854    
   4.80000041E-02   108.208862    
   5.20000048E-02   108.501396    
   5.60000055E-02   108.915520    
   6.00000061E-02   111.807396    
   6.40000030E-02   112.366196    
   6.80000037E-02   115.481926    
   7.20000044E-02   116.888847    
   7.60000050E-02   116.863190    
   8.00000057E-02   117.296227    
   8.40000063E-02   117.681351    
   8.80000070E-02   119.853516    
   9.20000076E-02   119.607796    
   9.60000083E-02   118.110916    
  0.100000009       116.031525    
  0.104000010       114.469528    
  0.108000010       113.436043    
  0.112000011       112.610275    
  0.116000012       114.740547    
  0.120000012       115.374802    
  0.124000013       115.043503    
  0.128000006       111.923820    
  0.131999999       110.613686    
  0.135999992       112.100296    
  0.139999986       112.176712    
  0.143999979       114.933960    
  0.147999972       113.619766    
  0.151999965       114.524323    
  0.155999959       113.674591    
  0.159999952       115.543457    
  0.163999945       116.055389    
  0.167999938       118.912056    
  0.171999931       118.299820    
  0.175999925       118.502144    
  0.179999918       119.086075    
  0.183999911       120.034889    
  0.187999904       120.211212    
  0.191999897       123.922516    
  0.195999891       124.063736    
  0.199999884       120.963181    
  0.203999877       119.503609    
  0.207999870       118.295006    
  0.211999863       119.294624    
  0.215999857       118.137726    
  0.219999850       119.222733    
  0.223999843       116.058830    
  0.227999836       115.724716    
  0.231999829       115.265938    
  0.235999823       114.818054    
  0.239999816       114.552299    
  0.243999809       115.305550    
  0.247999802       113.713669    
  0.251999795       115.386658    
  0.255999804       115.957481    
  0.259999812       116.240082    
  0.263999820       113.818619    
  0.267999828       116.080246    
  0.271999836       119.123604    
  0.275999844       119.145096    
  0.279999852       116.837875    
  0.283999860       116.488762    
  0.287999868       118.275520    
  0.291999876       118.564972    
  0.295999885       117.773552    
  0.299999893       115.939461    
  0.303999901       118.397682    
  0.307999909       116.328346    
  0.311999917       116.290466    
  0.315999925       116.676979    
  0.319999933       115.139084    
  0.323999941       114.583214    
  0.327999949       113.532608    
  0.331999958       115.102188    
  0.335999966       114.357285    
  0.339999974       115.861107    
  0.343999982       113.258774    
  0.347999990       113.974686    
  0.351999998       116.116356    
  0.356000006       116.862244    
  0.360000014       116.169342    
  0.364000022       116.696831    
  0.368000031       117.055000    
  0.372000039       116.372025    
  0.376000047       114.671165    
  0.380000055       116.324570    
  0.384000063       116.719536    
  0.388000071       117.440804    
  0.392000079       118.412155    
  0.396000087       117.619003    
  0.400000095       116.952080    
  0.404000103       116.762115    
  0.408000112       116.019058    
  0.412000120       115.864220    
  0.416000128       117.138412    
  0.420000136       118.707329    
  0.424000144       119.181816    
  0.428000152       118.953522    
  0.432000160       121.051651    
  0.436000168       119.738380    
  0.440000176       120.467995    
  0.444000185       120.875137    
  0.448000193       120.098946    
  0.452000201       119.710251    
  0.456000209       118.708565    
  0.460000217       119.070152    
  0.464000225       118.587006    
  0.468000233       117.808899    
  0.472000241       119.475243    
  0.476000249       117.909554    
  0.480000257       116.350266    
  0.484000266       114.421410    
  0.488000274       114.171593    
  0.492000282       114.897720    
  0.496000290       113.748375    
  0.500000298       114.699570    
  0.504000306       117.424026    
  0.508000314       118.525108    
  0.512000322       118.728004    
  0.516000330       119.872047    
  0.520000339       118.540726    
  0.524000347       120.212341    
  0.528000355       119.437210    
  0.532000363       118.766937    
  0.536000371       119.837158    
  0.540000379       120.855774    
  0.544000387       121.741913    
  0.548000395       120.709442    
  0.552000403       121.888184    
  0.556000412       121.539757    
  0.560000420       121.693993    
  0.564000428       124.575119    
  0.568000436       125.263206    
  0.572000444       126.050598    
  0.576000452       127.519363    
  0.580000460       124.671646    
  0.584000468       125.053062    
  0.588000476       123.126099    
  0.592000484       123.884827    
  0.596000493       123.010796    
  0.600000501       123.038170    
  0.604000509       124.667168    
  0.608000517       125.767242    
  0.612000525       124.844383    
  0.616000533       123.308044    
  0.620000541       123.361389    
  0.624000549       126.001846    
  0.628000557       127.127754    
  0.632000566       126.718750    
  0.636000574       126.942589    
  0.640000582       128.711975    
  0.644000590       129.790359    
  0.648000598       128.814056    
  0.652000606       129.971497    
  0.656000614       128.525406    
  0.660000622       130.732010    
  0.664000630       129.049316    
  0.668000638       129.974350    
  0.672000647       130.205750    
  0.676000655       132.418198    
  0.680000663       131.598389    
  0.684000671       129.811005    
  0.688000679       130.223145    
  0.692000687       128.758804    
  0.696000695       128.552567    
  0.700000703       127.399124    
  0.704000711       130.906921    
  0.708000720       130.331131    
  0.712000728       130.817749    
  0.716000736       131.094620    
  0.720000744       133.755371    
  0.724000752       130.708450    
  0.728000760       131.310532    
  0.732000768       130.946381    
  0.736000776       129.939667    
  0.740000784       127.502678    
  0.744000793       126.546440    
  0.748000801       125.857498    
  0.752000809       128.070938    
  0.756000817       131.186386    
  0.760000825       131.579865    
  0.764000833       131.695633    
  0.768000841       132.105072    
  0.772000849       132.784698    
  0.776000857       130.414276    
  0.780000865       132.393906    
  0.784000874       132.936050    
  0.788000882       133.634247    
  0.792000890       133.813400    
  0.796000898       134.074997    
  0.800000906       134.850266    
  0.804000914       132.503265    
  0.808000922       132.195343    
  0.812000930       133.782944    
  0.816000938       134.398193    
  0.820000947       135.289566    
  0.824000955       135.440109    
  0.828000963       134.332214    
  0.832000971       132.254608    
  0.836000979       132.485092    
  0.840000987       132.256241    
  0.844000995       132.430649    
  0.848001003       130.176773    
  0.852001011       130.473969    
  0.856001019       129.128586    
  0.860001028       129.057404    
  0.864001036       129.919540    
  0.868001044       129.225464    
  0.872001052       131.176819    
  0.876001060       132.235367    
  0.880001068       131.541412    
  0.884001076       132.242874    
  0.888001084       135.151840    
  0.892001092       134.952179    
  0.896001101       131.477356    
  0.900001109       131.896301    
  0.904001117       131.698730    
  0.908001125       130.582840    
  0.912001133       129.481613    
  0.916001141       130.617615    
  0.920001149       127.891716    
  0.924001157       125.978333    
  0.928001165       127.561951    
  0.932001173       127.758163    
  0.936001182       125.763489    
  0.940001190       125.801125    
  0.944001198       123.556274    
  0.948001206       127.054573    
  0.952001214       128.757599    
  0.956001222       127.010490    
  0.960001230       127.975029    
  0.964001238       126.302483    
  0.968001246       126.175949    
  0.972001255       126.627846    
  0.976001263       123.874550    
  0.980001271       124.808731    
  0.984001279       124.657516    
  0.988001287       124.476990    
  0.992001295       125.727615    
  0.996001303       127.543892    
