   7.04453993    
   6.31352980E-03
   7.68072531E-02
   7.72325322E-02
   5.94236366E-02
  0.142814815    
  0.192725733    
  0.282446682    
  0.290181667    
  0.307987332    
  0.414837450    
  0.461088985    
  0.584675908    
  0.633277595    
  0.738292038    
  0.742975652    
  0.804407895    
  0.872412622    
  0.949127913    
  0.989566147    
   1.02992630    
   1.14597929    
   1.14951313    
   1.25775814    
   1.36711526    
   1.37292409    
   1.39985371    
   1.44807756    
   1.45454490    
   1.48414576    
   1.52810276    
   1.62231946    
   1.65887010    
   1.65419185    
   1.69728065    
   1.67629075    
   1.71014678    
   1.80663586    
   1.82177508    
   1.87500453    
   1.88985193    
   1.93465102    
   1.94450140    
   1.97307491    
   1.98225558    
   1.99709761    
   2.15592074    
   2.18954897    
   2.23228741    
   2.27792072    
   2.33955932    
   2.37602496    
   2.43852186    
   2.49268103    
   2.52446532    
   2.55595446    
   2.55356455    
   2.61187673    
   2.64238644    
   2.62875605    
   2.64447427    
   2.75008225    
   2.78728175    
   2.86216831    
   2.86918354    
   2.95686793    
   3.02983260    
   3.02503633    
   3.06735706    
   3.10919285    
   3.16108584    
   3.20181680    
   3.19048691    
   3.29539084    
   3.28675032    
   3.24649978    
   3.23129869    
   3.26755810    
   3.31496096    
   3.32889390    
   3.36670136    
   3.44148755    
   3.44019508    
   3.50910068    
   3.57338285    
   3.56929612    
   3.57752466    
   3.65858173    
   3.73252034    
   3.77239752    
   3.75318241    
   3.85869241    
   3.78435016    
   3.79287076    
   3.75954247    
   3.72176671    
   3.79109812    
   3.72277284    
   3.71085501    
   3.75322723    
   3.79593658    
   3.93117881    
   4.02719545    
   4.06476641    
   4.09616470    
   4.13429785    
   4.09732389    
   4.16309929    
   4.06355858    
   4.11525822    
   4.11212921    
   4.08796692    
   4.08668995    
   4.10665083    
   4.11533499    
   4.17257261    
   4.22234535    
   4.26290321    
   4.29208517    
   4.34733105    
   4.34179878    
   4.35934830    
   4.35343838    
   4.40024471    
   4.44353151    
   4.46044779    
   4.45889664    
   4.52565861    
   4.56340981    
   4.60315895    
   4.66854477    
   4.68894482    
   4.70494890    
   4.72507620    
   4.77701187    
   4.77130461    
   4.88985920    
   4.94638586    
   4.99628878    
   5.03872299    
   5.09834862    
   5.17041588    
   5.14034605    
   5.11834812    
   5.16932297    
   5.20941544    
   5.21303415    
   5.26890278    
   5.31365156    
   5.28820562    
   5.30437994    
   5.27148962    
   5.37188625    
   5.38526917    
   5.46163368    
   5.48457003    
   5.52053022    
   5.53099251    
   5.49522829    
   5.47836876    
   5.52878523    
   5.60053873    
   5.59754896    
   5.63599253    
   5.65197563    
   5.69130373    
   5.63298607    
   5.63137197    
   5.64552116    
   5.64786243    
   5.69291401    
   5.74926472    
   5.80070353    
   5.78956175    
   5.81307602    
   5.79457045    
   5.81410503    
   5.87258005    
   5.99637938    
   5.99997377    
   6.04454327    
   6.10673285    
   6.05336809    
   6.06820250    
   6.05916882    
   6.06611490    
   6.07384109    
   6.10310650    
   6.13557053    
   6.14562035    
   6.20652390    
   6.22161007    
   6.19267464    
   6.24621201    
   6.34353781    
   6.36369276    
   6.37180662    
   6.43599081    
   6.40666008    
   6.40959263    
   6.45123959    
   6.43284225    
   6.44922829    
   6.42893267    
   6.45556164    
   6.46019220    
   6.44552660    
   6.45318794    
   6.41801929    
   6.44245958    
   6.40853643    
   6.42208624    
   6.44745445    
   6.46346474    
   6.45042467    
   6.49997950    
   6.53526926    
   6.57421064    
   6.58453321    
   6.61736822    
   6.60977125    
   6.62581444    
   6.63880920    
   6.68168020    
   6.69266462    
   6.63686228    
   6.65597200    
   6.64807987    
   6.64578629    
   6.59805012    
   6.61595058    
   6.62498093    
   6.60536194    
   6.63291359    
   6.62938499    
   6.62515545    
   6.62575769    
   6.60393810    
   6.66693401    
   6.68608332    
   6.76205587    
   6.81357098    
   6.84376812    
   6.84374666    
   6.92483950    
   6.94056320    
   6.99230480    
   7.01084566    
   7.03962278    
   7.06453991    
