 -0.478687763    
   1.52191865    
   1.20174956    
 -0.139940560    
  0.823013008    
  0.371699929    
 -0.475276083    
 -0.540786326    
  0.583649516    
 -0.133943364    
  0.157605365    
  0.426928431    
  -1.30478835    
 -0.227865860    
  -1.49711764    
   1.52377200    
  -1.95455670    
 -0.877437711    
  0.891942322    
  -1.65402269    
 -0.530024409    
 -0.437154204    
  -1.31455851    
 -0.532109737    
 -0.313466132    
  -1.46925199    
   1.59245360    
  0.114094220    
 -0.676371515    
  0.692320764    
   1.15667868    
 -0.235333204    
   2.03164499E-02
 -0.736871243    
  0.529852867    
  -1.03008735    
 -0.362554044    
  0.783902407    
  -1.30992094E-02
 -0.399740964    
  0.545217752    
  0.470288277    
 -0.576568961    
  0.226359829    
  -1.49598897    
  0.356589586    
  -1.77037394    
  0.142680332    
  0.672859430    
   1.66426706    
  -1.51461232    
  0.560945690    
   1.54920006    
  -1.02777290    
  -1.04475856    
  0.645760238    
   1.57982147    
  0.919912279    
  0.451121747    
  0.832795799    
  -1.80268490    
  0.478257924    
   1.01150250    
  -1.12035048    
 -0.888907909    
  0.582419276    
   2.11137009    
 -0.432910323    
  -1.09535861    
   6.58565760E-02
  0.977102518    
  0.189989179    
  0.393111736    
   5.79772368E-02
  -1.61059165    
 -0.540951729    
  0.833602130    
  -1.60977781    
  0.729994595    
   2.22186112    
   1.09559429    
   1.36295247    
 -0.720774472    
  0.316388637    
  0.466739833    
  0.760070920    
 -0.183290973    
  -1.17472625    
   1.25137389    
 -0.494404793    
 -0.412337780    
  0.680990458    
   2.31204987    
   1.49602699    
   1.11086535    
 -0.414342493    
  0.678658307    
   4.42773327E-02
  -1.05240715    
 -0.502111375    
  -1.79428458    
   4.20258977E-02
 -0.475643486    
   1.56957507    
  0.641681373    
  -1.27409184    
  -2.04788637    
  0.803229332    
  -1.32787490    
  0.984794796    
 -0.421420127    
   1.44077861    
   1.25311708    
  0.237970889    
  0.362258822    
  0.245575383    
 -0.221689224    
 -0.512168407    
  -1.99905705    
  0.913709462    
 -0.660498917    
  -1.55346799    
 -0.443396270    
   1.80322123    
 -0.285808206    
  -1.20760965    
  -1.22794330    
 -0.282877684    
   1.68042910    
  0.191485539    
  -1.02441525    
  0.530079246    
 -0.146218970    
  0.488455266    
  0.210225552    
  0.629977763    
  0.633125842    
  0.686033189    
  0.169430643    
  0.395169288    
  -1.35606015    
 -0.458338588    
 -0.443711042    
   2.21750494E-02
  -1.12746692    
  0.994375467    
  -1.46996987    
  0.341537148    
  0.130071700    
  -1.28364432    
 -0.812459052    
   1.24587810    
 -0.502223730    
 -0.215389490    
 -0.628196478    
  0.754377544    
 -0.275791496    
   1.50447965    
   2.21277165    
 -0.721400142    
 -0.326175928    
 -0.668045998    
  0.163411915    
  -4.51484807E-02
  -7.51442090E-02
  0.371334732    
 -0.568112969    
 -0.221647635    
  0.448628396    
  0.619333208    
   1.09344423    
   2.22844768    
  0.773755133    
  -8.67511705E-02
 -0.342433929    
 -0.487131238    
 -0.507345915    
  0.718708396    
  0.570971847    
  0.573845744    
  -2.88345289    
  -1.32841039    
  -1.46469939    
  -2.71332301E-02
 -0.434145778    
   1.71205759    
  0.422285736    
  0.142674029    
  0.106151365    
 -0.153220966    
   1.16899657    
  -1.25065482    
   2.28383517    
  0.304822773    
 -0.687932014    
  0.436188430    
   1.89781678    
   1.09881592    
 -0.656317413    
  0.223206967    
   1.64373958    
  0.203788921    
 -0.103308596    
  -1.24884820    
   1.45363474    
   1.23343801    
   1.89649768E-03
  -2.36016493E-02
   1.51480269    
   1.16335630    
  0.831237257    
 -0.103542350    
  0.177772507    
   2.26803087E-02
 -0.707710683    
 -0.772417367    
  0.236115485    
  -7.56690800E-02
 -0.769263625    
   1.12941015    
  -1.32724309    
 -0.358719438    
  -1.62456967E-02
 -0.915519178    
  0.141549855    
 -0.724003553    
   1.85203636    
  -1.48945606    
  -1.08067691    
 -0.490709513    
 -0.160117134    
 -0.885670424    
  0.502287328    
  0.256698906    
 -0.857065618    
   1.18066299    
  -1.30599689    
 -0.580887973    
 -0.727757514    
  -1.81238258    
 -0.197684348    
   1.51005518    
 -0.842111409    
 -0.656604528    
  -1.75316310    
 -0.584738255    
  -5.62698618E-02
  -1.42275798    
  0.761790037    
  0.134842888    
