 -0.976653159    
  0.561621130    
   5.22792637E-02
  -1.20001030    
 -0.569381118    
   1.58787096    
  -1.05810726    
   1.58787894    
 -0.957183361    
 -0.576838613    
  0.989197969    
  0.488472641    
  0.249990016    
 -0.171596020    
  -1.28208649    
 -0.873407066    
   1.67935264    
  0.489516437    
  -1.08852303    
 -0.941498399    
  -1.22391367    
   2.37779880    
 -0.888156116    
  -1.03005731    
 -0.254082024    
   1.08919799    
 -0.818406582    
 -0.683246195    
   1.21399474    
  0.351901591    
  0.731209159    
  0.441004246    
  0.845074356    
  0.675682187    
  -1.47840130    
  -1.12736535    
 -0.251314610    
 -0.407954186    
   1.05320239    
  -1.20716989    
 -0.305166364    
 -0.328823864    
   2.47375941    
 -0.448366463    
 -0.576500833    
 -0.712167859    
  0.822734833    
  0.873062372    
 -0.960157990    
  -7.54814688E-03
   1.31298161    
 -0.321590871    
  0.302467704    
   1.22586656    
  -1.88443172    
  -1.62541282    
  -1.57650983    
 -0.676251769    
  -1.09016418    
   6.96065575E-02
  -1.28797495    
 -0.187292516    
  -1.95408225    
 -0.385053188    
  0.407228261    
  0.358085334    
 -0.228119329    
 -0.731500328    
  0.273193419    
 -0.479852915    
  -1.25289547    
 -0.465015084    
  0.554641128    
 -0.840094328    
 -0.378301620    
  -5.37112132E-02
   1.11440372    
 -0.706870079    
 -0.901675344    
  0.634858549    
   1.01775122    
 -0.416607589    
  0.524093866    
   3.47798131E-02
 -0.256707370    
   1.18212998    
  0.164425418    
  0.216928616    
  0.413565129    
 -0.462351590    
 -0.694049239    
 -0.409693867    
 -0.174390927    
 -0.616649747    
  -3.72671708E-03
  0.141428128    
  0.261892438    
  0.316131294    
  -3.12890671E-02
  -1.66048658    
  -1.38405383    
  0.739871562    
   2.06739759    
   1.23644161    
 -0.744245529    
  0.823996842    
   1.75726330    
  0.932972372    
   2.58240747    
   1.19343257    
   1.33424401    
  -1.91127528E-02
   1.09577918    
  0.979314923    
  0.684359133    
  -2.07214212    
  -3.48164961E-02
 -0.733378828    
 -0.701674223    
  -1.58452010    
  -1.90635049    
 -0.755983174    
  0.471651793    
  -1.22976100    
  -2.00587654    
 -0.670199394    
 -0.617744744    
  0.500493824    
  0.653938830    
 -0.883418977    
 -0.305376053    
 -0.639972448    
  -1.60875618    
 -0.520978510    
 -0.431465656    
  0.364420533    
  0.381026089    
 -0.365196496    
  0.294383973    
 -0.472361207    
   2.21677995    
  -2.17869544    
  0.218682155    
   1.34515429    
  0.146149173    
   1.59817982    
  -2.94385409    
   1.38159537    
 -0.352369338    
  -1.55682540    
   1.38280535    
   1.68587470    
 -0.726689458    
  0.195501655    
 -0.660452783    
  -2.94632297E-02
 -0.967482924    
  0.170243949    
  0.606301308    
  0.576952159    
  0.496433437    
  -1.11302745    
 -0.615857720    
   1.64690856E-02
 -0.198027357    
  -1.47469616    
   1.53761518    
 -0.110853910    
 -0.241248071    
  0.140861914    
  -1.82887558E-02
  0.566060305    
   1.22975743    
  -1.09565353    
  -1.86465967    
 -0.796262324    
 -0.995646238    
  0.740785837    
  0.115494892    
   2.25636363    
   1.51876879    
   1.02811444    
  0.613843679    
  0.867788374    
  0.647816539    
  0.433366150    
  -1.20601094    
  -1.00671566    
  -7.51596913E-02
 -0.342417091    
  -1.66426396    
  -1.50445187    
   1.34997427    
   1.78325427    
  0.416301787    
 -0.955513239    
   1.52320123    
 -0.446736634    
   1.49965465    
 -0.631541073    
   1.16056406    
  -1.06356800    
  0.575988710    
 -0.141828939    
  0.234081373    
 -0.308297753    
 -0.238467053    
 -0.980155647    
  0.569660783    
   1.53269756    
   1.32580054    
   1.74109328    
  0.165730074    
  -1.29610372    
  0.648824632    
  0.993377864    
 -0.553232610    
  0.227447227    
   9.48009565E-02
  0.450401872    
  0.535952985    
  -1.76280057    
  -1.03907514    
 -0.624835551    
   8.90309364E-03
  0.838957429    
  0.424045682    
 -0.638117850    
 -0.404553324    
  -1.37569463    
  -1.72488225    
   5.75079874E-04
  -2.16449761    
  -2.36488134E-02
  -1.34215200    
 -0.967198968    
 -0.830271304    
 -0.568262756    
   2.50408554    
  -6.30182475E-02
   2.97086295E-02
  -1.04295504    
  0.951512456    
   1.73112309    
  0.907723486    
   5.95875345E-02
 -0.550241530    
  -1.40050364    
  0.960264802    
  0.586610079    
